[
[
-888,358,-5,-190,-140,-535,-623,-176,-801,-549,-492,216,-37,-789,674,219,630,196,819,-822,-43,-521,54,-735,-53,-26,-477,-926,-702,-328,453,-488,525,-805,-103,872,62,-750,-199,783,737,-789,545,-456,706,-497,454,903,-729,-53,-752,-618,806,406,-459,853,-467,277,-283,-338,-47,709,-363,-189,-51,-553,-605,-903,925,420,-307,958,691,742,-311,-783],[
772,-16,-672,157,209,-325,190,-800,65,-738,-867,-970,-873,619,34,646,-804,594,-971,-220,144,-659,140,-597,-972,25,-446,730,998,190,415,326,-644,-614,430,985,-377,-898,871,69,247,750,-582,-16,688,-590,957,711,-850,-879,-330,-482,532,773,105,-855,338,-284,561,-927,841,630,-705,592,723,405,960,-855,-947,888,-523,-406,-978,-245,-619,-173],[
106,-525,-869,-401,-976,297,142,718,156,-124,461,609,-654,555,597,-356,740,213,62,-348,-127,491,-303,8,491,455,68,825,641,290,358,211,-641,542,831,-494,-580,599,461,80,600,794,-307,593,132,-226,190,-175,-813,580,113,244,525,-404,44,-690,141,-656,-571,-823,-311,-647,-578,865,-218,-666,604,348,761,172,284,133,-806,91,-689,237],[
695,581,936,215,-776,-667,754,-527,-68,-582,799,171,188,121,-835,-475,-85,171,-651,-252,-685,-532,646,748,-518,-235,-410,-589,141,569,669,-671,512,712,44,921,690,511,-897,-91,-172,118,394,500,-808,-930,-628,-970,638,610,986,-870,257,-865,83,28,513,112,-479,334,420,961,175,-308,-122,-858,-457,-558,-966,-816,-61,-943,799,985,200,754],[
366,453,-281,223,513,80,195,-610,-904,-313,651,547,-114,165,-986,728,594,-711,782,956,-429,260,302,924,166,248,201,-526,-559,710,412,636,411,263,985,808,648,526,-560,669,-220,993,558,258,8,550,534,68,-857,-32,398,550,-776,-726,893,-673,18,-481,73,514,-97,871,969,799,717,-911,593,596,-43,-474,-47,145,-387,270,-155,292],[
985,-747,239,-206,-831,666,-885,174,-269,-353,767,361,883,-895,-770,-998,514,227,-803,984,398,-928,-890,171,-66,800,728,870,-647,441,-903,279,-740,-837,774,852,742,81,-315,-776,798,-21,1,-731,-340,-708,942,-289,570,-279,483,417,-521,1000,868,-31,447,-13,-606,-293,620,-776,295,330,-601,259,-813,-453,681,657,441,-811,-284,985,-958,4],[
399,-27,-542,796,-42,122,-987,79,-699,-807,933,643,-300,-65,741,-7,-146,-294,950,380,-766,-40,-96,713,-530,890,-973,860,-907,-318,-491,-986,-845,-269,92,-327,606,-280,-387,870,-227,-134,226,-320,741,992,562,987,530,-514,-990,-74,-977,752,-972,862,216,493,-174,6,-149,-538,295,-378,-92,-60,-853,871,-928,-651,-704,43,921,900,55,-621],[
318,-489,-192,-562,461,639,-469,77,-235,111,202,-555,22,-66,-596,916,-161,-703,-525,26,805,-750,-273,-318,397,261,880,-952,255,-535,348,-231,221,962,243,470,-677,586,-76,-568,559,606,-656,-175,-996,385,98,-784,-723,376,456,314,-12,-738,471,439,-954,112,-662,755,67,-693,842,-157,614,438,847,60,93,-816,846,-947,-496,-800,779,880],[
-311,859,-404,827,-165,-410,-985,741,-258,660,27,6,520,-348,-344,-738,-528,-998,431,372,196,121,-259,-346,40,-664,-732,-886,-65,201,871,-438,250,-842,161,303,535,255,295,-460,491,699,-451,480,940,179,829,468,-715,-342,-877,153,553,10,-286,398,988,-523,-851,-441,35,-417,-19,322,609,625,220,-285,898,-348,-330,742,-160,264,-602,-360],[
495,-414,24,402,428,-827,841,745,4,-109,609,365,-413,-830,519,-838,363,-35,-561,-277,894,992,-239,-438,-249,-136,-685,-497,154,-766,70,615,267,100,-907,997,-544,-97,749,-779,8,-971,166,-786,-228,-833,762,669,-126,662,-812,-99,256,-33,704,-878,-929,-119,855,646,-976,-721,243,947,-598,601,-901,-517,422,182,758,-747,-163,691,-978,941],[
-922,911,-727,639,-193,249,438,103,120,260,-683,-156,-449,-872,-276,70,353,498,148,-332,-413,-335,-233,-734,-317,-347,823,140,93,-593,156,-901,231,945,585,-239,944,-654,916,834,-32,486,805,350,-265,926,-765,-425,197,-742,714,-998,488,-895,511,502,745,726,846,-14,391,978,-130,302,266,771,549,-47,106,-193,-30,308,-576,839,387,419],[
-721,-144,596,392,37,-173,-710,-955,-595,256,381,222,-313,926,-949,413,253,628,151,228,-889,-352,221,545,322,182,387,-627,-259,-377,166,-49,-862,919,679,906,-208,941,-123,493,47,604,-907,349,-430,748,-339,-775,-43,382,-296,684,-229,536,705,949,-449,-838,-894,-949,-266,559,566,-80,210,843,-528,-770,-915,-783,795,-933,-310,-254,-532,957],[
366,301,-147,-732,-49,-910,-874,661,-349,-745,-602,-305,-265,-831,553,-225,-663,-301,722,-557,849,972,56,873,465,374,-603,-726,-385,889,956,-591,-714,319,-182,-538,643,-271,581,-314,-888,-112,-508,-51,340,-941,-271,253,505,-619,-94,-665,-649,-979,-984,-263,-283,270,167,-237,-927,535,599,804,468,702,-814,-377,-787,488,990,812,-858,-357,768,344],[
-331,-139,-310,551,903,-571,-810,181,-714,305,866,-801,-194,-325,546,-313,357,-918,-611,-849,-932,711,367,314,247,-877,435,509,-513,-795,997,-965,-887,-268,-873,772,942,386,-951,-119,-260,-792,131,274,887,8,433,-391,237,661,-132,-505,60,834,834,-302,264,-737,-539,673,414,896,-916,545,258,782,815,973,-18,339,-125,7,268,530,242,453],[
730,505,-715,-443,-567,2,-939,972,401,-860,891,622,-896,-823,-157,-782,261,608,787,276,656,560,-365,-219,-36,-746,-981,-344,-550,780,-566,-910,-502,-558,-665,726,188,828,356,-378,-11,578,-534,127,-122,-121,840,160,462,-736,-818,-743,-62,-671,852,-616,684,999,-34,260,-495,106,550,-89,-277,-849,100,-481,626,-90,321,-391,-217,-221,-220,413],[
-107,214,53,-904,-612,-625,475,859,526,-463,-442,173,800,-674,-660,-919,-924,954,-397,200,-928,249,-89,-203,521,-896,-869,-715,387,-812,188,11,-54,325,270,429,-828,884,-725,877,-80,43,733,-945,-181,336,-4,151,-843,-547,-506,872,-72,896,-588,-822,-932,-576,243,-464,945,984,549,-26,921,-975,-950,875,-540,578,-37,-81,235,-135,97,-510],[
793,-391,78,392,694,-150,-364,-273,-98,609,825,426,586,485,736,960,463,826,-294,-644,-580,951,-8,-830,453,288,81,933,354,-87,224,550,712,-634,237,806,-942,-351,709,668,-571,919,-50,27,543,998,918,-981,-501,64,923,-336,-762,-979,-740,354,-326,-659,462,676,289,396,86,-198,-905,972,90,640,347,927,252,-469,477,271,577,-746],[
277,-288,-718,779,545,21,-620,748,513,-292,512,-939,-109,-370,-879,-151,917,-274,-222,-498,-707,651,935,850,-415,562,174,-579,325,203,511,-552,599,-568,627,-269,-817,719,966,-134,490,149,954,-753,896,-745,-808,-708,593,516,-29,-240,-901,-9,710,518,107,-823,-374,962,545,951,652,-627,28,-346,-752,745,-44,523,-94,-488,-356,-607,968,798],[
-401,968,729,770,51,-167,260,521,350,-519,171,-674,483,-665,676,-865,-634,-202,-565,637,503,765,169,-39,-175,595,394,-464,368,704,-540,244,-191,65,364,-276,-703,889,740,584,439,198,621,826,216,436,-396,-714,863,846,-58,-165,404,-622,-68,-493,-805,-914,511,-609,588,172,-433,-825,-403,202,577,-418,604,-686,-496,-120,-37,118,-14,-826],[
624,314,-366,895,619,-134,-255,414,-460,-801,356,816,-551,-310,892,-46,-458,-107,-329,-467,-83,448,-654,-249,396,-319,586,-486,-6,-827,-198,-567,506,925,558,357,575,-412,314,-276,598,338,-558,-333,-775,65,-548,652,-208,731,338,196,954,325,464,349,708,-788,-978,447,32,-880,-328,-98,-823,-498,-762,-233,-636,-198,836,868,878,-440,-570,712],[
-354,-388,335,949,621,-529,-690,-681,632,163,563,-374,-139,889,-790,398,-990,33,605,502,514,-845,-588,-524,121,76,-278,-899,161,-611,-579,-671,-20,-242,-116,510,-553,-679,-530,-585,-775,-418,871,541,682,568,-376,-463,411,486,756,529,776,-12,-958,-964,-376,-618,889,-257,477,-554,304,-346,15,480,780,-461,-695,-929,-899,-486,521,-436,256,743],[
-79,-552,-818,-410,861,-42,-624,749,-688,66,-654,-684,-270,-287,-63,-434,-968,58,-626,60,-892,925,-320,-921,-862,220,-332,-716,-572,-983,-321,194,-29,-240,172,532,367,-219,5,-702,209,943,-915,33,341,546,285,94,994,-248,-525,880,-112,-642,983,77,-231,-926,-569,-938,-680,-374,54,-865,-335,624,-572,799,-177,37,-642,522,-235,623,-98,549],[
191,503,774,58,-521,-346,-567,687,956,-774,704,-782,-400,-21,-572,-892,-93,-893,549,-841,840,399,405,669,419,-279,455,-138,-725,871,-688,-212,664,463,838,739,451,-981,979,413,-862,987,87,-558,-661,914,-329,-709,25,483,-999,-168,112,962,536,-816,-526,-143,-886,836,608,418,808,-391,363,-40,-48,501,178,672,408,-56,33,-237,596,-200],[
15,294,-732,-198,-489,344,495,-929,-943,-443,112,-390,-804,-128,280,446,-206,-390,916,247,681,469,-415,256,635,191,374,-757,-685,-100,-859,311,-518,-951,569,49,-534,-463,718,-942,149,-183,20,414,-660,-560,-875,-316,721,350,148,-380,486,127,996,279,90,751,-882,-120,568,522,715,351,-431,-712,-330,-240,-452,314,396,569,378,594,-743,-320],[
-987,83,-94,150,717,114,-185,777,790,-417,-768,531,-703,870,-142,543,-750,441,-219,-735,959,340,799,-110,876,839,-948,-171,479,-531,-479,-687,768,674,578,192,664,948,-318,98,-739,-873,813,-404,269,-344,-110,-163,-792,-376,695,-982,792,666,316,670,313,506,165,832,203,-482,110,-571,496,-175,330,556,405,408,-888,-313,637,-403,988,-232],[
692,103,122,-579,-778,239,-412,-659,-86,-241,-312,-433,77,594,-23,-799,-992,504,-799,955,744,424,587,909,-185,-329,-491,-989,-951,102,883,685,-919,-495,51,-259,-836,-177,-2,-223,-773,253,623,-670,626,-331,590,933,662,620,532,-233,-610,581,656,894,978,832,605,-192,-19,-643,-996,538,-584,-452,964,673,318,-649,-145,-39,-287,364,272,464],[
-595,260,-717,-839,733,254,12,710,51,-335,786,-265,403,-354,-228,-819,-715,-666,-217,-51,433,-738,766,855,-773,-364,199,-685,-15,38,-276,-371,-755,336,596,-983,380,-333,987,-721,255,-912,-510,-646,285,-87,954,-38,348,-211,791,-4,379,-113,-242,-175,-656,554,1,830,400,-483,-521,-33,940,-309,203,-871,529,-341,176,550,223,-556,907,-142],[
-608,-220,547,-341,-144,295,591,529,-689,330,627,-748,202,-430,660,927,-962,929,-738,-447,-817,810,-12,567,286,835,920,-493,240,-951,-831,855,-978,459,159,988,-398,-48,710,457,773,645,-278,-771,-652,-721,406,834,-630,747,-90,-174,-787,778,-268,140,-744,54,-635,948,-986,549,-868,873,-31,323,-125,449,961,-826,507,-900,-625,-655,-158,263],[
-663,-356,343,866,-261,400,796,-341,628,810,-719,337,330,881,-507,569,23,-363,614,-484,-619,-383,3,-171,168,-476,888,-867,991,-548,786,-196,-939,-889,446,-133,-503,-923,147,-456,368,370,-523,-915,638,67,95,-848,75,942,640,-53,113,-540,615,893,162,137,-731,127,-751,-377,-870,-293,-312,400,-994,9,-715,-265,-777,-674,-211,-305,96,255],[
-229,6,-811,673,-599,-983,-464,-534,698,-880,922,425,872,301,605,-363,-400,781,613,-845,-633,-569,-522,125,-929,-586,296,-148,222,-32,-7,-203,-753,-939,-581,364,-593,-754,758,-586,-547,657,405,-923,-193,917,90,1000,770,-535,-722,-294,-902,512,563,-546,-917,308,-86,34,-781,-275,-403,277,389,389,417,714,728,-495,755,-555,210,-953,-355,900],[
-520,-531,-119,-950,-601,614,-181,-234,-571,-701,-364,844,-945,800,-606,-457,-934,601,-880,-399,-912,275,999,-368,-238,408,-189,-587,879,58,505,129,-812,-559,812,593,-172,578,-381,-140,-59,60,330,-69,-457,-858,-710,772,352,-429,589,969,-2,64,-296,575,669,149,-261,688,0,627,114,-534,900,659,-981,-156,475,35,-956,155,829,965,-174,-373],[
66,269,48,-992,398,478,-916,507,-759,107,-269,-729,427,-48,-874,765,-487,-438,-389,-678,-584,643,565,548,-466,-316,-822,236,388,991,-458,590,-41,-570,878,-790,283,800,-95,362,151,-966,-897,-995,59,-444,724,693,580,586,696,-471,-903,910,166,-44,-788,791,123,-837,466,53,-784,437,-372,603,42,-928,118,495,-352,-57,133,770,238,653],[
126,594,524,757,-103,432,-487,-496,-667,963,112,740,884,358,-537,-653,-103,-959,-28,328,34,-46,666,-673,-687,-467,-117,529,93,466,792,-523,-495,918,1,-270,-510,720,-999,-510,465,184,119,-246,-532,215,-426,-661,-663,623,-178,457,-543,-368,634,-240,-135,-542,-622,696,-202,173,-523,268,-497,-323,578,997,578,432,369,-735,-66,-832,575,-458],[
836,42,-985,857,109,599,-215,204,390,-382,754,-282,899,650,155,-204,752,347,-997,-261,929,682,459,324,56,-820,25,693,425,-959,-356,-863,119,-213,-964,581,-108,-551,-36,-266,-389,964,452,691,-243,-324,516,-161,-971,144,818,-827,641,321,185,239,-42,82,-247,367,-884,887,274,137,-576,-60,521,813,-33,-536,-372,253,575,826,657,915],[
-1000,60,33,231,-611,-463,-526,627,-36,153,-985,474,269,949,-102,458,901,-364,213,986,-165,168,-270,-351,-936,128,458,-643,-658,-591,638,-776,636,463,-405,-606,-154,850,-577,-475,630,-676,249,-673,927,-984,-819,-980,-859,-450,-639,-575,293,254,-41,-559,-460,-868,-239,934,-147,162,-891,-500,-91,-908,943,734,-428,293,-664,859,21,-312,620,-747],[
257,278,-718,994,-305,-979,-8,589,-308,106,-188,782,-168,-706,-848,671,22,367,-84,355,956,203,-891,-679,628,223,-638,-289,193,-714,264,-813,-479,-807,372,511,875,-666,21,20,848,-960,584,960,93,-698,29,157,-740,390,989,-620,233,-874,-807,721,-209,61,513,-959,-857,-725,-908,-565,795,526,930,-627,622,-371,-198,-201,43,577,-884,630],[
-554,19,562,-264,580,-889,-386,-65,-744,-311,610,-405,104,-965,-287,455,-933,-897,599,-760,790,-873,-666,532,594,382,826,866,778,813,410,66,-117,-655,700,40,-339,495,486,776,-338,835,269,952,569,-434,-233,932,-727,-789,318,870,51,-665,830,-15,-694,517,-101,-63,865,104,-446,974,759,-638,-843,264,498,273,-611,775,201,665,-396,-841],[
391,936,-681,-254,-796,-2,965,-120,-634,735,578,245,-506,-31,705,-441,469,-658,-520,327,-642,-722,-955,-341,819,-956,497,295,-973,178,704,-82,-374,-721,-410,589,175,818,-372,-570,591,193,425,-314,-609,45,-534,179,-273,707,714,93,-353,77,-221,-652,229,-212,975,-404,-225,684,620,660,242,-170,-963,125,978,240,-764,252,-61,558,839,-79],[
730,125,790,213,679,260,-517,-791,-508,-685,-950,112,-442,418,728,-849,257,-97,-655,894,655,-817,-510,-890,-25,923,-867,-258,-460,-264,511,735,-66,154,-345,387,894,-911,-130,893,930,-411,588,847,-322,-825,902,258,-110,-911,-839,482,935,672,451,-141,-264,-89,425,-315,-545,-929,-264,218,-132,-143,-746,-152,805,-948,-767,-904,-817,-834,-986,578],[
-361,-574,-483,-651,-187,947,725,54,-517,731,-532,237,-631,41,-573,-566,738,-243,-223,141,-398,-771,-376,518,-895,-822,-126,-919,-318,-384,-379,25,-158,-49,832,981,706,-384,131,401,255,-86,29,397,-267,-786,-62,264,323,-888,-198,-703,-656,-822,707,406,588,-913,-800,80,447,535,122,138,470,-830,-339,-753,778,791,-907,-530,-603,-581,946,709],[
-456,812,-720,851,-470,-482,115,286,645,-463,-931,791,-781,-739,64,-52,587,55,47,-208,323,-544,225,-861,333,617,473,47,-463,-722,-6,252,-893,630,607,1000,960,789,-520,784,-676,423,-346,-820,-447,856,57,-553,-906,170,-757,136,-261,403,962,989,-544,-849,52,-51,563,-980,31,-19,-780,-190,673,558,214,-594,164,-729,716,601,542,-8],[
-769,-817,459,-591,438,-368,455,456,-339,-929,6,-42,-991,709,-298,-718,-853,-202,-365,-694,169,-972,545,-949,-730,692,971,-678,-792,-270,-963,238,426,-503,970,-275,-851,226,-809,-13,-195,535,149,861,-477,-910,966,784,651,-411,-291,-370,-154,-551,722,285,633,-293,-411,852,-69,-412,-709,269,482,-476,-244,433,913,72,693,800,660,72,510,-887],[
-941,362,805,329,-244,501,761,-773,-173,-718,-454,267,536,804,764,-443,289,893,-155,905,306,-423,-143,-664,705,630,-43,-777,-810,721,934,-804,450,838,630,-572,352,839,773,-213,418,718,-40,-483,-155,-617,756,-278,-800,350,-531,773,-644,-496,-894,907,920,855,368,-611,655,-784,846,-439,-210,-458,440,-713,-940,118,-274,53,-529,548,-83,-787],[
543,942,-2,319,-187,-942,559,-75,809,-310,-301,-567,225,-857,722,444,590,764,-237,774,-5,64,-358,65,-829,33,-707,-156,301,-557,-410,-630,-555,422,-420,755,973,369,462,-271,-578,-762,41,-920,671,-701,440,656,296,-85,540,-613,249,448,120,918,669,-446,-947,-955,-262,-993,-719,766,750,-748,589,323,350,-641,-537,-519,799,982,-435,675],[
940,713,246,605,656,919,-286,683,-917,-950,-70,518,-404,567,101,41,984,137,-47,217,484,-916,-290,-470,488,-58,560,344,975,536,-771,119,874,-31,997,-191,-566,787,763,-915,727,-237,-752,-358,60,-449,6,-737,-536,990,-738,-494,599,766,-633,333,697,102,788,369,-194,156,-901,-373,-184,959,128,-294,-130,282,-331,488,930,-137,-635,514],[
852,-840,335,354,-180,-508,609,179,-61,-586,284,-700,639,516,-159,-993,627,-1000,-707,-503,386,142,375,-911,-357,729,-876,-758,-596,716,377,574,-230,-102,301,-621,418,295,-949,-930,196,862,351,889,834,-104,-439,695,275,836,444,-523,-10,-281,533,51,472,84,750,-987,211,646,432,-821,119,-525,801,652,988,303,-800,-341,905,696,738,746],[
534,-14,781,477,169,917,130,873,-44,-143,148,-158,428,-165,134,29,131,-575,307,-14,42,356,888,926,-67,-45,-652,-388,71,861,-777,852,-238,-10,854,-410,-28,-728,927,-641,-326,798,-243,-8,716,366,-633,-239,307,734,784,-548,-619,-540,-603,111,-195,-348,8,859,-240,-657,812,302,794,225,667,10,-278,-500,-959,-285,726,-179,-320,-946],[
-403,476,636,-844,-446,309,609,-736,-986,-169,-802,82,-443,-391,-399,-918,972,-712,424,495,-709,-609,330,688,298,-107,406,-46,-368,-388,-864,-104,-763,930,-349,-555,-976,-437,-523,-717,-586,-509,882,181,194,972,409,592,213,-114,-843,-805,-630,-317,-138,602,698,-836,277,201,-790,-319,9,319,-950,735,26,-142,-489,-936,-741,-811,-450,484,-276,-138],[
856,925,774,630,-506,971,254,-178,-471,601,-569,-344,-746,-390,272,237,-972,312,-712,861,-950,428,260,479,881,-913,509,-755,-188,382,222,46,973,407,99,-889,335,430,276,836,988,332,699,-638,-978,123,-258,-651,-204,517,80,-53,-853,910,352,-163,847,-849,-326,712,-277,-206,581,-711,778,9,-36,842,871,538,-57,547,-397,75,804,-213],[
-594,-330,50,-604,-642,-148,-340,-857,621,-695,-508,269,-187,861,-838,950,613,308,234,489,573,-346,-34,950,-587,139,39,159,-585,-81,940,-396,307,-822,-383,-721,-725,-86,-541,437,943,212,-297,-383,-580,-549,-960,-776,-994,-9,680,390,772,-575,-266,750,-951,-725,597,-936,907,799,935,-311,31,918,685,446,189,332,804,-582,-773,-143,40,-217],[
391,-193,-371,447,453,34,-238,805,34,841,334,-600,-928,-666,-64,-475,-175,-495,31,-273,-781,-989,-315,-14,104,474,386,671,-562,-480,164,35,-691,252,640,525,-680,44,-970,-609,-70,-371,-284,-956,-961,-116,713,46,391,415,183,-250,-669,-23,388,291,-293,375,-186,125,-137,-554,-596,-970,123,-705,311,-860,-678,780,-176,953,-882,687,-259,735],[
594,476,-674,-551,514,612,346,-481,-297,867,-263,36,212,171,-106,-972,156,-269,-535,247,417,569,-595,102,671,-826,304,-750,16,798,414,-143,731,-854,819,-255,859,-659,988,399,474,-457,42,620,797,-620,-110,439,-875,804,-66,718,-183,83,502,-699,-478,-896,-152,-451,22,-453,-75,116,814,-948,-464,271,-93,-219,-838,437,-508,-825,333,-51],[
419,110,-94,-102,81,-430,-678,849,-752,-94,-744,-38,-352,-123,-105,-925,-187,-427,445,732,976,-260,200,758,935,955,-10,-55,243,76,424,-362,295,678,66,-418,467,933,969,335,-396,-794,140,-895,-570,-68,386,-31,-418,-644,958,539,144,-577,82,-548,473,840,-30,942,33,383,-661,373,747,-144,-628,70,-957,712,382,683,-590,-409,-649,-520],[
-409,-305,408,-172,-940,-172,717,265,-635,568,-948,20,633,-995,241,440,-395,935,-487,933,746,-923,702,-953,-339,44,181,474,-606,113,-893,338,722,-79,-438,-860,949,-171,-419,-463,884,-929,300,-69,366,-134,567,-275,957,-942,161,398,613,-246,806,-881,-618,-353,758,-996,-909,984,-511,311,-357,402,365,765,259,991,917,-893,465,901,-431,313],[
-398,-554,-169,-269,683,-13,64,-11,-55,588,967,-531,42,967,-14,-601,-140,-689,-925,-539,264,-358,576,575,-604,-653,-935,-580,-119,764,-169,-706,166,-212,-570,538,968,-733,405,194,789,271,-878,-568,-806,-108,-778,391,89,-42,-363,756,-814,-876,102,-665,-974,-752,-289,667,-399,-198,735,527,724,979,-36,-232,294,4,411,529,-779,337,151,-653],[
-70,925,-512,804,923,-344,668,106,-704,495,558,-243,-732,280,706,-299,-680,-974,-378,-317,49,-203,562,-76,-260,54,230,183,207,-85,199,35,-552,-95,-690,-340,41,974,406,-906,904,381,682,910,73,813,-345,956,546,-180,-602,105,620,227,739,-426,674,-69,263,652,-111,903,-771,656,-102,314,-671,-398,-423,-977,-240,626,-108,166,280,8],[
-978,-628,-726,262,-601,261,-175,-448,-46,-631,546,540,-588,827,-773,-674,767,-763,62,645,-6,260,-22,518,-645,-835,41,-250,990,608,-831,450,93,-576,689,-326,-617,-938,514,901,-43,-510,-563,-445,483,-31,-975,591,108,-560,-350,241,159,5,-820,-904,386,-412,188,535,-15,499,-521,-105,-492,819,817,609,741,-851,237,-428,-836,-729,-890,-795],[
-544,-177,-763,-762,409,-589,-724,-271,608,-163,-645,-466,342,454,283,604,-888,-574,240,-623,184,-534,477,814,265,159,-184,-582,842,-627,-845,-29,571,955,601,-432,-722,-830,183,-409,-143,301,530,865,-859,861,-614,-563,-801,-172,-864,-818,267,-584,-475,-129,-217,302,-875,-156,3,-955,-955,-649,-9,-722,451,-671,167,-422,-141,548,-174,815,-775,386],[
545,913,546,-962,-581,-804,692,-345,-495,-390,-648,-358,759,159,715,-605,-339,-409,751,494,407,853,-302,997,479,-144,534,619,-752,-533,-700,-433,219,878,982,998,655,511,-973,-301,-213,156,175,355,-113,-830,688,-134,99,-621,773,-46,187,-899,-854,830,-455,32,530,-990,467,-531,494,-151,-117,-586,700,595,787,67,493,289,-68,496,157,622],[
-649,808,222,-494,413,-167,-919,791,-559,-186,42,786,-809,-521,525,818,-407,-512,-271,-599,-86,443,-833,583,-150,698,538,693,356,900,919,-778,621,-748,709,365,330,-616,908,-523,-692,-642,7,939,388,270,740,-880,635,-714,-769,-426,604,156,489,-651,-632,-600,996,-347,538,996,300,-125,859,-772,-536,-508,225,-191,481,30,928,807,334,-732],[
104,37,-103,487,706,-942,30,816,574,13,423,502,-811,585,-495,-781,-634,724,-800,-813,780,730,394,-931,803,-567,815,-458,-482,779,288,173,-53,587,907,268,160,-463,-802,-496,-882,469,-470,-333,-272,552,-973,382,-82,634,92,634,-469,970,849,116,596,-39,605,49,-434,855,305,652,942,-994,205,873,838,-25,114,120,-940,491,108,44],[
769,632,-880,497,-638,868,966,922,-135,720,-931,308,410,77,-504,-345,-975,603,-469,-642,-523,-742,318,119,-592,-894,-12,192,-725,-193,578,601,129,-774,-656,-71,-682,537,-814,-314,-54,803,884,-896,928,-141,-630,-168,406,-394,507,182,800,-499,-423,863,466,-706,-437,-755,747,-379,-766,941,-750,297,-745,-591,74,368,-690,601,-762,-738,-159,314],[
-198,-379,-913,-125,-128,417,132,534,-922,-8,-130,-495,424,-958,-637,627,-416,184,-765,-4,410,582,-738,99,758,-331,625,196,704,-719,608,814,-769,816,827,-864,975,-348,405,-921,-781,97,-1,-207,-234,-297,572,-252,16,492,595,687,-364,-770,942,-85,-962,466,-724,-214,527,965,-454,-899,287,12,-791,-951,-905,707,-3,973,159,-836,827,347],[
833,-549,941,128,799,-383,95,981,256,66,-831,-25,-668,477,-521,-560,107,859,743,111,-829,609,-97,-356,-442,-146,-48,369,-490,372,570,-890,-475,425,-632,-91,-414,-484,943,703,-10,987,917,700,101,-43,-172,-792,625,612,443,-484,-488,-199,998,-889,413,-930,-327,770,-412,-172,223,-42,592,-415,-219,-657,-356,-342,367,37,-955,358,-8,400],[
284,-903,-63,-885,221,-983,358,-396,-370,-363,-545,-218,-378,371,7,-303,965,628,421,96,796,-492,755,192,-309,-890,-494,475,-187,633,212,851,544,487,-535,236,-923,699,-814,490,842,28,-363,258,-721,-320,142,207,314,877,-753,993,817,886,-685,-212,964,-304,-447,-588,-357,-752,-97,-213,354,-147,857,-908,680,348,691,-178,428,640,-907,812],[
-320,499,384,-703,309,245,274,-45,260,580,-146,-828,-144,384,-56,860,-37,781,-188,59,-455,-376,-104,-72,-871,895,458,-866,-762,-349,527,949,-367,-768,-75,640,560,-518,-694,-137,-682,621,353,717,-510,-355,112,-47,588,567,692,14,-117,-241,859,-250,-388,-732,31,734,289,-964,-977,-739,478,-754,837,-610,165,799,-16,-529,721,-874,929,866],[
246,231,-744,863,240,-175,-146,147,-704,267,-172,-510,-645,219,281,735,827,-901,-26,-875,-800,-184,-774,62,-225,-33,505,-713,-311,-380,813,512,940,52,-293,-750,723,94,761,-779,18,-600,-583,565,160,467,661,-775,-53,229,-154,357,-126,765,-289,-266,-752,-591,850,81,-962,-164,917,541,135,884,488,-179,341,527,-652,-629,-690,212,-31,-206],[
-338,159,-976,-760,-605,-585,-518,102,-741,135,689,-90,311,558,-865,-275,-49,-300,721,-510,424,-899,973,-316,868,340,-968,821,438,-5,751,-426,513,-823,568,524,465,363,115,489,-923,7,560,-53,-272,314,967,-380,-308,619,949,916,-416,593,-636,-644,196,-884,961,-989,821,-706,880,-267,-872,-200,-799,-861,107,839,992,-263,63,-251,818,-345],[
-144,438,908,986,627,-96,36,861,767,-320,365,-603,672,-255,-328,700,-145,868,884,948,385,-494,267,63,-75,-149,606,-52,468,104,-253,119,916,-135,-598,-50,-810,382,980,248,417,727,-766,901,380,-690,-273,949,-608,491,356,853,-23,-960,937,728,-720,-780,241,-534,-385,-163,-501,-832,897,-121,-210,235,-17,307,-935,892,-934,557,195,467],[
441,867,-727,-102,509,-836,-721,-225,-556,-26,-82,-412,375,580,487,-142,19,-363,332,-972,346,633,-758,-216,-847,749,-146,825,278,228,315,-770,390,-992,479,-380,388,775,228,-988,-57,753,-154,582,591,245,-964,-845,433,-734,253,-889,-878,-186,-859,309,-13,-33,805,65,651,-144,-446,-822,123,101,-197,-330,247,470,-125,234,-243,364,487,-236],[
-816,880,-421,-374,-846,-368,435,628,364,752,253,-525,10,391,611,969,-546,-232,831,973,-148,3,814,54,-263,889,506,5,610,517,188,-536,-317,637,84,17,951,-866,-449,-945,809,220,-79,-680,514,85,319,-26,-894,-614,-968,718,705,654,-699,-461,578,607,815,155,-922,-538,422,-645,896,-945,-130,898,-197,-278,33,-508,525,225,-721,-214],[
605,-435,266,970,7,-183,-893,265,586,-53,-512,-385,-987,-67,840,533,749,986,-172,503,-925,468,119,674,873,-973,189,-370,-619,854,-743,79,-383,639,853,201,-213,-524,-572,-774,250,722,-19,449,756,103,303,-922,948,-899,789,50,-544,634,-165,-280,866,141,-744,-464,-973,585,-141,736,114,203,-889,645,-940,241,-105,751,525,-830,451,-210],[
138,423,-381,-995,-453,269,-824,-380,-42,733,-17,-400,402,439,-668,-34,-727,891,-359,789,-382,322,-944,-139,561,-268,-755,-675,828,-658,-193,-602,696,-800,-520,-428,182,-513,509,851,770,-149,-898,618,-422,837,590,910,265,739,1000,-892,703,-520,978,-833,-416,-614,59,-805,128,555,-329,927,596,-825,-206,-465,317,-428,555,465,356,377,-281,398],[
-50,-135,-976,-899,982,-220,10,6,-904,196,286,-441,14,166,-428,737,-285,977,-308,-350,-470,334,98,27,463,-842,967,-863,856,-255,712,318,193,-977,-935,-43,795,777,922,591,-49,-33,312,451,314,372,486,-262,-562,-752,469,-241,-253,-329,27,-323,609,187,575,193,484,-807,267,-470,-530,537,-993,-313,303,-931,-794,624,536,-804,186,763],[
-178,840,-415,339,-313,578,-613,869,-374,-832,610,-996,978,-792,-438,138,-20,-579,-263,964,-547,215,570,116,-311,684,-272,-223,297,-776,541,672,-137,978,-608,955,-489,-957,681,-750,277,573,-189,715,-701,-275,571,933,349,668,-463,-95,-886,-690,971,-274,676,769,-277,-157,-989,136,963,575,-553,389,544,948,-895,379,-445,812,655,-946,12,501],[
-304,803,164,340,-474,-126,-889,-8,735,-941,56,804,92,799,-654,-412,-128,-655,-636,446,518,-941,-15,-863,545,-733,374,550,-488,503,143,-137,851,-82,801,865,-800,-851,-221,958,271,-694,-111,579,-229,837,266,-739,-577,-551,-476,-161,-886,158,-509,-277,978,166,-30,-243,463,410,-158,635,-324,-386,887,-544,824,-870,-214,-479,278,557,-267,655],[
948,-381,-689,-66,-491,593,-75,931,-160,-949,322,95,-661,-574,-118,98,-69,-386,319,-37,205,-334,-819,-293,872,-303,826,111,-125,331,-926,-357,795,99,-385,-894,890,107,-11,-358,251,454,-733,995,-538,-480,-487,-681,-77,272,-695,569,-389,-839,-680,226,-650,-509,899,564,-191,43,113,67,-841,270,-992,928,-406,729,-164,-654,959,-347,352,169],[
-777,-366,649,320,88,836,39,-559,497,526,-355,469,-430,-62,0,-901,318,-510,-449,-487,-444,846,422,556,-350,-64,-632,-794,-552,-733,21,-12,-948,326,-368,-507,-529,759,-878,-771,-903,921,602,-848,539,-230,-597,-966,925,-206,-737,-919,310,-753,-386,-640,87,-525,-734,447,-381,-23,11,-995,924,829,-434,-761,-512,-951,-415,203,428,425,463,932],[
425,-624,484,695,909,999,-919,7,597,-106,210,485,915,756,551,344,586,696,-88,-820,-37,-738,514,836,-703,168,-160,-825,61,602,371,-51,561,898,261,-478,-758,694,-555,-895,-108,989,-687,79,980,-262,974,-911,-447,301,739,773,-90,-212,90,-635,354,-228,-93,-217,877,-465,-439,-276,393,-222,414,-669,562,211,902,-900,-751,718,225,-254],[
-652,517,-205,-10,355,177,-590,466,-588,-176,-656,-664,-72,359,690,159,885,416,762,-821,-619,695,607,87,-856,661,-625,722,425,-423,118,-312,553,182,269,877,-214,933,-980,-492,755,309,736,779,-393,-70,-28,-591,516,-943,-504,448,-635,976,869,454,962,-10,-958,-468,-777,-266,-377,-740,347,-391,433,-38,-246,826,-762,-470,-35,778,-185,696],[
184,657,887,801,659,-773,-48,-446,-167,497,750,562,-462,953,803,-246,954,74,-523,386,25,-283,-628,437,-178,-773,-461,874,445,-170,566,431,-418,956,-153,-440,316,-219,-909,-438,845,70,-454,-983,-986,850,-336,227,-86,-616,607,931,773,-263,-235,-34,-664,-807,-684,-198,-109,89,-647,661,-1000,293,-7,-980,721,750,-417,858,-864,833,-700,-734],[
-149,941,798,-681,836,356,933,-6,-692,886,293,-510,442,444,226,-149,-625,-101,-569,-775,-712,296,675,-372,-627,329,-487,-383,-275,785,596,903,356,239,416,562,25,-274,237,764,627,878,-392,-498,415,-583,-598,438,659,960,-97,940,513,579,912,197,955,836,559,307,71,-769,-831,-999,-31,402,960,844,-8,244,-281,-515,942,-282,-813,-82],[
-388,-466,259,-1,834,172,214,-136,574,-168,-805,292,-326,527,1000,-523,-976,-397,982,157,-928,554,61,-366,401,-394,-331,802,-278,721,226,531,-666,-198,251,495,671,565,-858,-314,-429,900,607,569,812,969,761,386,-889,-814,127,-559,-688,-439,-986,-201,743,59,-330,678,-514,374,-830,73,313,-166,-954,248,441,607,856,-493,409,-97,272,49],[
976,190,-63,585,-428,-206,-590,479,-542,-484,449,-869,-365,883,-604,97,-565,456,427,-874,571,-374,-179,-203,722,907,350,-179,-53,871,-738,-315,164,-945,-762,-132,88,239,49,-924,-923,-856,136,-741,775,930,-684,-526,-348,-636,-390,707,424,-270,743,-961,46,251,897,-247,157,936,693,766,899,-782,-635,102,954,-714,111,989,-978,-210,-952,-225],[
-392,-875,353,-747,567,-190,343,-498,838,-907,-46,897,389,616,-116,939,905,116,-249,725,-282,489,397,-86,-934,454,877,-768,-472,138,-734,288,-954,-860,112,-625,48,-459,903,-13,347,-256,-998,471,474,157,568,-75,-907,-291,996,-824,371,-808,-832,-765,-814,128,-207,893,-23,646,-353,-714,-632,221,-104,640,468,272,-680,588,426,-739,0,-168],[
240,784,228,-30,4,815,-965,954,669,-108,719,999,-264,533,435,-420,-225,785,-767,-196,959,100,-158,-26,272,814,846,260,70,-73,-173,-406,57,-819,813,127,-343,-774,951,595,-867,-572,122,-763,322,-203,-949,-636,960,865,144,923,-370,988,-874,164,-800,-702,-188,-727,-947,-841,223,677,389,-125,-233,-425,-175,-976,880,386,-260,-473,473,-237],[
613,17,-773,-84,-411,503,-334,214,-356,-350,174,-314,768,543,-557,-752,-481,-12,-902,-522,667,903,-583,-189,836,824,-976,-787,507,-223,767,36,-944,255,-194,-14,-238,49,-604,-622,-603,-722,-785,392,-417,-656,-241,-703,2,140,-401,-523,-503,-178,282,373,574,-365,723,668,-442,556,-418,919,929,-530,483,45,-187,873,-750,-372,-292,-669,-596,-291],[
-15,-256,-285,296,859,639,86,435,-894,-586,80,969,-908,530,290,734,-46,-531,675,-805,837,-457,329,-770,802,767,161,84,-345,-320,387,-755,-859,-557,332,430,-846,-943,-427,332,-6,553,-445,-47,91,922,809,-795,-782,680,137,-897,232,69,635,315,180,-792,607,-15,590,548,-864,679,-531,-369,-11,-944,966,583,-939,317,-454,-990,792,-585],[
-456,-186,-87,-630,140,763,415,-765,-350,-725,85,-469,-492,-938,-543,402,84,-97,308,69,-855,-733,710,-226,-457,-900,-579,975,496,900,298,246,-608,-30,-687,562,-443,-788,868,185,746,-875,490,-411,92,-763,-576,38,230,-850,111,-666,-300,-822,-460,522,-261,308,-253,-24,-610,931,-553,772,826,-212,-560,-517,869,138,640,290,-356,653,-837,-138],[
-704,336,52,-176,245,-534,788,562,-245,-565,-895,988,-379,-844,-707,-952,-862,992,-582,489,-854,-516,-13,459,-822,991,558,690,763,952,656,-899,-179,233,182,29,-100,-432,560,-649,-795,217,355,714,111,140,785,-660,652,-811,-992,716,-390,228,289,-906,-787,-477,939,438,-743,-518,102,-686,-684,-958,517,-492,120,439,826,491,997,-13,-348,-424],[
99,-117,-486,642,-548,514,-565,644,629,356,-5,479,13,772,-115,-409,-679,-222,-122,361,-791,-362,-387,-577,288,152,-10,-62,340,784,-414,-9,639,-821,-904,-75,567,-169,472,805,880,-361,534,-693,362,861,391,-549,616,591,355,-665,596,609,649,-784,-585,645,450,-551,668,755,821,-708,620,156,232,363,-555,-915,154,867,-920,-901,891,-555],[
-39,188,428,801,-656,281,82,623,198,361,447,-46,641,-601,941,-473,829,55,-116,-246,-967,-905,-576,-169,972,3,-817,-180,905,-591,-151,914,594,579,15,-847,744,-490,413,666,-172,-2,607,501,483,-255,527,-1000,597,-325,10,-453,-554,181,741,-184,-786,575,20,-717,641,-661,-253,331,-192,-200,867,855,889,-449,-867,-127,-206,546,195,-851],[
899,-579,-624,815,-757,874,843,-890,-976,554,208,652,992,89,-434,-537,427,-490,347,-147,8,-647,-74,-518,770,-432,284,-871,-592,871,765,-633,672,457,988,-169,451,-950,919,-768,628,784,-604,-877,-520,525,-631,538,-131,922,-666,914,898,-159,-418,270,768,-134,389,771,-676,-839,-39,476,637,291,-965,899,-309,360,807,205,883,-849,278,-48],[
344,833,-76,-467,758,769,-652,602,-86,550,534,-290,472,-445,706,915,-609,-872,315,530,997,248,216,-972,677,-176,811,611,-446,214,817,-865,-269,383,704,211,489,438,951,-519,-264,-955,-421,-103,629,-781,-46,-914,786,-744,491,978,-754,588,-68,737,-839,-724,-178,-120,246,344,703,-805,359,-651,575,147,164,584,222,-454,-367,30,-910,-178],[
817,-620,34,440,-567,-293,959,-835,-503,-283,571,-562,77,39,780,-90,-358,-628,-63,-549,758,506,611,341,949,176,181,133,-865,793,-756,610,-156,-678,-963,56,-829,-616,-406,731,-311,894,437,341,-236,815,-972,-801,-69,-891,-879,-198,302,-1,-570,-376,-668,-734,-286,-767,302,466,553,-860,854,-138,-35,472,-895,-586,-421,32,-870,-613,869,739],[
-83,158,680,-653,-762,-136,-854,-682,-354,875,-480,453,-431,405,-814,-784,-340,-764,-885,-966,-135,-758,250,263,-705,219,685,-431,-538,-790,422,913,-526,-53,233,151,-896,-171,-685,595,317,-966,-652,892,225,18,-781,497,105,904,-842,284,534,-172,-443,326,280,-549,678,553,295,-657,-348,533,24,-816,-34,543,501,855,862,-301,765,826,-686,-503],[
691,805,-995,672,302,-788,412,456,-888,-964,-493,941,-402,753,763,-807,-343,909,-950,173,-424,-328,-590,-101,928,-446,426,-314,314,-731,235,-124,-32,-728,-530,666,606,-173,-558,-316,-146,421,-515,462,-435,232,215,920,1,-498,-281,336,-596,255,443,409,-594,-385,908,242,815,-866,908,-118,828,324,-3,-892,64,808,517,-264,243,676,-783,-627],[
-489,-359,507,661,631,-35,-274,444,-851,873,170,244,237,145,-508,446,-824,-240,691,850,658,-211,-474,635,-367,212,-78,-66,432,-338,-532,174,-985,578,21,-485,724,829,-148,761,-160,-85,127,679,881,496,-74,-502,-410,624,332,-208,-543,-95,-16,-8,-877,844,284,-407,-52,672,-830,305,298,667,-694,736,791,893,-675,-730,-245,-239,210,-547],[
245,503,-45,-61,-836,-773,-761,994,228,471,-219,658,-592,50,-964,78,-272,975,541,960,647,-446,-959,666,-923,772,647,299,151,605,-133,-888,357,807,-96,942,246,423,900,-720,681,-959,180,658,-783,-825,730,-260,988,616,727,-502,-386,425,-681,-29,846,-711,-473,14,-865,63,338,-34,506,-606,-929,347,-960,-983,871,865,611,-103,-281,-291],[
-969,423,300,593,-18,-170,752,-813,-891,796,-613,746,-613,119,-825,1000,508,756,819,503,-435,648,303,-704,-291,-477,-761,111,-759,15,-699,-740,-495,865,-516,918,98,528,532,-467,-560,52,-248,455,-261,464,-538,808,-470,-40,-969,-466,-950,-72,-944,-698,-853,351,-864,221,819,-275,-766,-853,726,340,980,-135,138,892,-579,896,-490,-486,-541,731]]